-65  -81  -1
-64  -85  2
-64  -89  5
-64  -94  10
-72  -89  -2
-64  -82  0
-64  -82  0
-64  -81  0
-64  -80  -1
-64  -84  1
-64  -82  0
-64  -82  0
-64  -82  0
-80  -103  0
-64  -83  0
-64  -78  -3
-64  -84  1
-64  -75  -5
-64  -85  2
-64  -75  -5
-64  -87  3
-64  -69  -10
-64  -87  3
-64  -74  -6
-64  -88  4
-64  -77  -3
-64  -88  4
-64  -77  -3
-64  -86  3
-64  -80  -1
-64  -85  2
-64  -80  -1
-64  -85  2
-64  -80  -1
-64  -85  2
-64  -82  0
-64  -82  0
-64  -82  0
-64  -81  0
-64  -82  0
-64  -79  -2
-64  -82  0
-64  -78  -3
-64  -83  0
-64  -78  -3
-64  -83  0
-64  -78  -3
-64  -86  3
-64  -78  -3
-64  -88  4
-64  -78  -3
-64  -89  5
-64  -78  -3
-64  -89  5
-64  -77  -3
-64  -92  7
-64  -77  -3
-64  -91  7
-64  -77  -3
-64  -92  7
-64  -76  -4
-64  -91  7
-64  -75  -5
-64  -84  1
-64  -73  -6
-64  -88  4
-80  -96  -4
-64  -84  1
-64  -76  -4
-64  -84  1
-64  -76  -4
-64  -85  2
-64  -76  -4
-64  -87  3
-64  -76  -4
-64  -89  5
-64  -75  -5
-64  -90  6
-64  -74  -6
-64  -91  7
-64  -75  -5
-64  -90  6
-64  -75  -5
-64  -91  7
-64  -75  -5
-64  -90  6
-64  -75  -5
-64  -89  5
-64  -74  -6
-64  -89  5
-64  -71  -8
-64  -90  6
-64  -71  -8
-64  -84  1
-80  -94  -6
-64  -88  4
-64  -74  -6
-64  -90  6
-64  -74  -6
-64  -91  7
-64  -76  -4
-64  -91  7
-64  -76  -4
-80  -112  7
-64  -80  -1
-64  -89  5
-64  -79  -2
-64  -90  6
-64  -78  -3
-64  -90  6
-64  -77  -3
-64  -89  5
-80  -95  -5
-64  -81  0
-64  -81  0
-64  -80  -1
-64  -79  -2
-64  -82  0
-64  -78  -3
-64  -83  0
-64  -77  -3
-64  -85  2
-64  -76  -4
-64  -87  3
-64  -78  -3
-64  -86  3
-64  -77  -3
-64  -88  4
-64  -77  -3
-64  -89  5
-64  -77  -3
-64  -88  4
-64  -77  -3
-64  -89  5
-64  -75  -5
-64  -90  6
-64  -75  -5
-64  -89  5
-64  -73  -6
-64  -88  4
-64  -73  -6
-64  -87  3
-64  -73  -6
-64  -87  3
-64  -74  -6
-64  -89  5
-64  -74  -6
-64  -91  7
-64  -74  -6
-64  -86  3
-64  -75  -5
-64  -92  7
-64  -76  -4
-64  -93  8
-64  -74  -6
-64  -93  8
-64  -76  -4
-64  -94  9
-64  -74  -6
-64  -93  8
-64  -74  -6
-64  -92  7
-64  -72  -7
-64  -91  7
-64  -72  -7
-64  -88  4
-64  -72  -7
-64  -87  3
-64  -73  -6
-64  -87  3
-64  -74  -6
-64  -88  4
-64  -75  -5
-64  -87  3
-64  -78  -3
-64  -86  3
-64  -78  -3
-64  -86  3
-64  -81  0
-64  -83  0
-64  -83  0
-64  -81  0
-64  -84  1
-64  -81  0
-64  -85  2
-64  -80  -1
-64  -85  2
-64  -78  -3
-64  -80  -1
-64  -81  0
-64  -80  -1
-64  -74  -6
-64  -87  3
-64  -74  -6
-64  -87  3
-64  -74  -6
-64  -89  5
-64  -75  -5
-64  -91  7
-64  -75  -5
-64  -91  7
-64  -76  -4
-64  -92  7
-64  -76  -4
-64  -92  7
-64  -76  -4
-64  -92  7
-64  -77  -3
-64  -92  7
-64  -76  -4
-64  -91  7
-64  -75  -5
-64  -89  5
-64  -73  -6
-64  -88  4
-80  -96  -4
-64  -84  1
-64  -76  -4
-64  -84  1
-64  -70  -9
-64  -87  3
-64  -74  -6
-64  -88  4
-64  -75  -5
-64  -90  6
-64  -75  -5
-64  -90  6
-64  -74  -6
-64  -91  7
-64  -74  -6
-64  -91  7
-64  -74  -6
-64  -91  7
-64  -74  -6
-64  -92  7
-64  -73  -6
-64  -91  7
-64  -72  -7
-64  -90  6
-64  -71  -8
-64  -91  7
-64  -70  -9
-64  -90  6
-64  -71  -8
-64  -90  6
-64  -72  -7
-64  -91  7
-64  -73  -6
-64  -92  7
-64  -75  -5
-64  -92  7
-64  -76  -4
-64  -91  7
-64  -76  -4
-64  -92  7
-64  -77  -3
-64  -90  6
-64  -79  -2
-64  -90  6
-64  -78  -3
-64  -88  4
-64  -78  -3
-64  -85  2
-64  -78  -3
-64  -83  0
-64  -77  -3
-64  -83  0
-64  -72  -7
-64  -81  0
-64  -81  0
-64  -80  -1
-64  -82  0
-64  -79  -2
-64  -85  2
-64  -79  -2
-64  -86  3
-64  -78  -3
-64  -87  3
-64  -78  -3
-64  -87  3
-64  -78  -3
-64  -88  4
-64  -77  -3
-64  -89  5
-64  -76  -4
-64  -89  5
-64  -76  -4
-64  -87  3
-64  -74  -6
-64  -88  4
-64  -73  -6
-64  -88  4
-64  -72  -7
-64  -89  5
-64  -73  -6
-64  -89  5
-64  -74  -6
-64  -91  7
-64  -74  -6
-64  -92  7
-64  -74  -6
-64  -93  8
-64  -75  -5
-64  -88  4
-64  -75  -5
-64  -93  8
-64  -75  -5
-64  -94  9
-64  -74  -6
-64  -93  8
-64  -74  -6
-64  -92  7
-64  -72  -7
-64  -90  6
-64  -72  -7
-64  -88  4
-64  -72  -7
-64  -87  3
-64  -73  -6
-64  -87  3
-64  -75  -5
-80  -110  5
-64  -72  -7
-64  -92  7
-64  -73  -6
-64  -92  7
-64  -73  -6
-64  -92  7
-64  -68  -10
-64  -91  7
-64  -75  -5
-64  -90  6
-64  -76  -4
-64  -90  6
-64  -75  -5
-64  -88  4
-64  -76  -4
-64  -87  3
-64  -75  -5
-64  -86  3
-64  -75  -5
-64  -85  2
-64  -77  -3
-64  -83  0
-64  -79  -2
-64  -83  0
-64  -81  0
-64  -83  0
-64  -83  0
-80  -109  5
-64  -77  -3
-64  -90  6
-64  -78  -3
-64  -90  6
-64  -79  -2
-64  -89  5
-64  -80  -1
-64  -82  0
-64  -81  0
-64  -85  2
-64  -86  3
-80  -104  1
-64  -74  -6
-64  -87  3
-80  -93  -7
-64  -89  5
-64  -70  -9
-64  -91  7
-64  -70  -9
-64  -90  6
-64  -73  -6
-64  -89  5
-64  -74  -6
-64  -91  7
-64  -74  -6
-64  -90  6
-64  -75  -5
-64  -90  6
-64  -71  -8
-64  -87  3
-64  -78  -3
-64  -87  3
-64  -79  -2
-64  -86  3
-64  -80  -1
-64  -83  0
-64  -80  -1
-64  -81  0
-64  -82  0
-64  -78  -3
-64  -82  0
-64  -78  -3
-80  -103  0
-64  -84  1
-64  -79  -2
-64  -84  1
-64  -81  0
-64  -84  1
-64  -83  0
-64  -82  0
-64  -86  3
-64  -81  0
-64  -87  3
-64  -80  -1
-64  -89  5
-64  -80  -1
-64  -88  4
-64  -79  -2
-64  -89  5
-64  -78  -3
-64  -88  4
-64  -69  -10
-64  -89  5
-64  -72  -7
-64  -88  4
-64  -71  -8
-64  -89  5
-64  -71  -8
-64  -89  5
-64  -72  -7
-64  -90  6
-64  -72  -7
-64  -92  7
-80  -96  -4
-64  -89  5
-64  -75  -5
-64  -90  6
-64  -76  -4
-64  -90  6
-64  -75  -5
-64  -90  6
-64  -75  -5
-64  -90  6
-64  -76  -4
-64  -89  5
-64  -74  -6
-64  -89  5
-64  -73  -6
-64  -87  3
-64  -74  -6
-64  -87  3
-64  -73  -6
-64  -82  0
-64  -74  -6
-64  -90  6
-64  -74  -6
-64  -91  7
-64  -75  -5
-64  -92  7
-64  -75  -5
-64  -92  7
-64  -76  -4
-64  -91  7
-64  -77  -3
-64  -93  8
-64  -76  -4
-64  -92  7
-64  -75  -5
-64  -92  7
-64  -74  -6
-64  -91  7
-64  -72  -7
-64  -89  5
-64  -73  -6
-64  -87  3
-64  -72  -7
-64  -88  4
-64  -72  -7
-64  -88  4
-64  -75  -5
-64  -87  3
-64  -75  -5
-64  -89  5
-64  -76  -4
-64  -88  4
-64  -78  -3
-64  -86  3
-64  -79  -2
-64  -86  3
-64  -80  -1
-64  -78  -3
-64  -83  0
-80  -108  4
-64  -76  -4
-64  -88  4
-64  -76  -4
-64  -85  2
-64  -77  -3
-80  -109  5
-64  -71  -8
-64  -89  5
-80  -88  -11
-64  -90  6
-64  -72  -7
-64  -92  7
-64  -72  -7
-64  -94  9
-64  -73  -6
-64  -94  9
-64  -74  -6
-80  -114  9
-64  -76  -4
-64  -93  8
-64  -76  -4
-64  -91  7
-64  -77  -3
-64  -91  7
-64  -76  -4
-64  -90  6
-80  -100  -1
-64  -77  -3
-64  -79  -2
-64  -81  0
-64  -78  -3
-64  -82  0
-64  -78  -3
-64  -83  0
-64  -78  -3
-64  -84  1
-64  -77  -3
-64  -86  3
-64  -79  -2
-64  -86  3
-64  -78  -3
-64  -87  3
-64  -78  -3
-64  -87  3
-64  -78  -3
-64  -88  4
-64  -77  -3
-64  -88  4
-64  -77  -3
-64  -89  5
-64  -75  -5
-64  -88  4
-64  -75  -5
-64  -87  3
-64  -74  -6
-64  -87  3
-64  -73  -6
-64  -87  3
-64  -74  -6
-64  -89  5
-64  -73  -6
-64  -91  7
-64  -74  -6
-64  -92  7
-64  -75  -5
-64  -92  7
-64  -75  -5
-64  -88  4
-64  -76  -4
-64  -92  7
-64  -75  -5
-64  -93  8
-64  -75  -5
-64  -94  9
-64  -73  -6
-64  -92  7
-64  -73  -6
-64  -90  6
-64  -72  -7
-64  -89  5
-64  -70  -9
-64  -89  5
-64  -72  -7
-64  -88  4
-64  -74  -6
-64  -88  4
-64  -74  -6
-64  -88  4
-64  -77  -3
-64  -87  3
-64  -78  -3
-64  -86  3
-64  -80  -1
-64  -84  1
-64  -82  0
-64  -83  0
-64  -82  0
-64  -83  0
-64  -83  0
-64  -81  0
-64  -84  1
-64  -79  -2
-64  -84  1
-64  -78  -3
-80  -96  -4
-64  -82  0
-64  -79  -2
-80  -107  3
-64  -73  -6
-64  -89  5
-64  -76  -4
-64  -88  4
-64  -78  -3
-64  -89  5
-64  -77  -3
-64  -89  5
-64  -79  -2
-64  -89  5
-64  -80  -1
-80  -107  3
-64  -76  -4
-64  -92  7
-64  -76  -4
-64  -91  7
-64  -76  -4
-80  -111  6
-64  -72  -7
-64  -90  6
-80  -93  -7
-64  -87  3
-64  -72  -7
-64  -88  4
-64  -73  -6
-64  -88  4
-64  -74  -6
-64  -89  5
-64  -74  -6
-64  -90  6
-64  -69  -10
-64  -91  7
-64  -73  -6
-64  -92  7
-64  -73  -6
-64  -92  7
-64  -73  -6
-64  -93  8
-64  -73  -6
-64  -92  7
-64  -73  -6
-64  -91  7
-64  -72  -7
-64  -90  6
-64  -72  -7
-64  -88  4
-64  -73  -6
-64  -87  3
-64  -73  -6
-64  -88  4
-64  -75  -5
-64  -89  5
-64  -76  -4
-64  -89  5
-64  -78  -3
-64  -88  4
-64  -80  -1
-64  -87  3
-64  -80  -1
-64  -87  3
-64  -82  0
-64  -87  3
-64  -82  0
-64  -86  3
-64  -83  0
-64  -82  0
-64  -83  0
-64  -80  -1
-64  -83  0
-64  -78  -3
-64  -78  -3
-64  -76  -4
-64  -85  2
-64  -74  -6
-64  -86  3
-64  -75  -5
-64  -88  4
-64  -74  -6
-64  -89  5
-64  -75  -5
-64  -90  6
-64  -74  -6
-64  -91  7
-64  -75  -5
-64  -90  6
-64  -75  -5
-64  -91  7
-64  -75  -5
-64  -90  6
-64  -75  -5
-64  -91  7
-64  -73  -6
-64  -90  6
-64  -72  -7
-64  -90  6
-64  -70  -9
-64  -89  5
-64  -72  -7
-64  -89  5
-64  -72  -7
-64  -91  7
-64  -72  -7
-64  -92  7
-64  -74  -6
-64  -92  7
-64  -75  -5
-64  -93  8
-64  -75  -5
-64  -92  7
-64  -71  -8
-64  -97  11
-64  -71  -8
-64  -91  7
-64  -78  -3
-64  -90  6
-64  -77  -3
-64  -88  4
-64  -76  -4
-64  -86  3
-64  -76  -4
-64  -83  0
-64  -77  -3
-64  -83  0
-64  -77  -3
-64  -83  0
-64  -78  -3
-64  -84  1
-64  -79  -2
-64  -83  0
-64  -81  0
-64  -83  0
-64  -83  0
-64  -81  0
-64  -85  2
-64  -80  -1
-64  -85  2
-64  -80  -1
-64  -86  3
-64  -79  -2
-64  -87  3
-64  -77  -3
-64  -88  4
-64  -75  -5
-64  -87  3
-64  -74  -6
-64  -87  3
-64  -74  -6
-64  -87  3
-80  -92  -8
-64  -83  0
-64  -79  -2
-64  -86  3
-64  -78  -3
-64  -88  4
-80  -105  2
-64  -81  0
-64  -85  2
-64  -83  0
-64  -85  2
-64  -83  0
-64  -84  1
-64  -85  2
-64  -84  1
-64  -85  2
-64  -81  0
-64  -85  2
-80  -99  -2
-64  -78  -3
-64  -83  0
-64  -77  -3
-64  -82  0
-64  -79  -2
-64  -80  -1
-64  -81  0
-64  -79  -2
-64  -84  1
-64  -77  -3
-64  -86  3
-64  -77  -3
-64  -87  3
-64  -78  -3
-64  -88  4
-64  -77  -3
-64  -88  4
-64  -77  -3
-64  -89  5
-64  -76  -4
-64  -90  6
-64  -75  -5
-64  -90  6
-64  -74  -6
-64  -89  5
-64  -74  -6
-64  -88  4
-64  -72  -7
-64  -89  5
-64  -71  -8
-64  -90  6
-64  -72  -7
-64  -90  6
-64  -72  -7
-64  -92  7
-64  -74  -6
-64  -92  7
-64  -74  -6
-64  -87  3
-64  -75  -5
-64  -93  8
-64  -76  -4
-64  -92  7
-64  -77  -3
-64  -91  7
-64  -77  -3
-64  -91  7
-64  -76  -4
-64  -89  5
-64  -76  -4
-64  -87  3
-64  -74  -6
-64  -86  3
-64  -75  -5
-64  -84  1
-64  -76  -4
-64  -84  1
-64  -77  -3
-64  -85  2
-64  -78  -3
-64  -84  1
-64  -81  0
-64  -82  0
-64  -83  0
-64  -81  0
-64  -84  1
-64  -81  0
-64  -85  2
-64  -80  -1
-64  -85  2
-64  -80  -1
-64  -86  3
-64  -79  -2
-64  -86  3
-64  -77  -3
-64  -85  2
-64  -76  -4
-80  -99  -2
-64  -80  -1
-64  -81  0
-80  -104  1
-64  -76  -4
-64  -87  3
-64  -78  -3
-64  -86  3
-64  -80  -1
-64  -86  3
-64  -82  0
-64  -84  1
-64  -83  0
-64  -85  2
-64  -84  1
-64  -84  1
-64  -85  2
-64  -82  0
-64  -82  0
-64  -86  3
-64  -85  2
-64  -73  -6
-64  -86  3
-64  -76  -4
-64  -85  2
-64  -74  -6
-64  -87  3
-64  -72  -7
-64  -89  5
-64  -71  -8
-64  -90  6
-64  -72  -7
-64  -91  7
-64  -73  -6
-64  -91  7
-64  -74  -6
-64  -91  7
-64  -73  -6
-64  -92  7
-64  -74  -6
-64  -91  7
-64  -74  -6
-64  -92  7
-64  -73  -6
-64  -91  7
-64  -74  -6
-64  -90  6
-64  -73  -6
-64  -89  5
-64  -72  -7
-64  -89  5
-64  -72  -7
-64  -89  5
-64  -72  -7
-64  -89  5
-64  -73  -6
-64  -91  7
-64  -74  -6
-64  -91  7
-80  -92  -8
-64  -91  7
-64  -76  -4
-64  -92  7
-64  -76  -4
-64  -93  8
-64  -75  -5
-64  -93  8
-64  -76  -4
-64  -92  7
-64  -75  -5
-64  -91  7
-64  -74  -6
-64  -89  5
-64  -72  -7
-64  -89  5
-64  -72  -7
-64  -88  4
-64  -71  -8
-64  -89  5
-64  -72  -7
-64  -90  6
-64  -72  -7
-64  -90  6
-64  -74  -6
-64  -91  7
-64  -74  -6
-64  -90  6
-64  -74  -6
-64  -91  7
-64  -75  -5
-64  -91  7
-64  -75  -5
-64  -89  5
-80  -91  -8
-64  -92  7
-64  -73  -6
-64  -90  6
-64  -72  -7
-64  -90  6
-64  -71  -8
-64  -89  5
-64  -72  -7
-64  -89  5
-64  -72  -7
-64  -90  6
-64  -73  -6
-64  -91  7
-64  -75  -5
-64  -90  6
-64  -77  -3
-64  -90  6
-64  -78  -3
-64  -89  5
-64  -79  -2
-64  -89  5
-64  -80  -1
-64  -88  4
-64  -81  0
-64  -86  3
-64  -81  0
-64  -84  1
-64  -81  0
-64  -82  0
-64  -80  -1
-64  -80  -1
-64  -81  0
-64  -78  -3
-64  -82  0
-64  -72  -7
-64  -85  2
-64  -77  -3
-64  -85  2
-64  -77  -3
-64  -87  3
-64  -77  -3
-64  -88  4
-64  -76  -4
-64  -90  6
-64  -75  -5
-64  -90  6
-64  -75  -5
-64  -90  6
-64  -75  -5
-64  -91  7
-64  -74  -6
-64  -90  6
-64  -74  -6
-64  -88  4
-64  -73  -6
-80  -107  3
-64  -77  -3
-64  -84  1
-80  -95  -5
-64  -80  -1
-64  -84  1
-64  -80  -1
-64  -83  0
-64  -84  1
-80  -108  4
-64  -78  -3
-64  -88  4
-64  -80  -1
-64  -88  4
-64  -80  -1
-64  -89  5
-64  -80  -1
-64  -88  4
-64  -79  -2
-64  -87  3
-64  -80  -1
-80  -110  5
-64  -72  -7
-64  -89  5
-80  -87  -12
-64  -90  6
-64  -70  -9
-64  -89  5
-64  -72  -7
-64  -89  5
-64  -73  -6
-64  -89  5
-64  -74  -6
-64  -90  6
-64  -75  -5
-64  -89  5
-64  -76  -4
-64  -88  4
-64  -77  -3
-64  -89  5
-64  -77  -3
-64  -88  4
-64  -78  -3
-64  -86  3
-64  -79  -2
-64  -86  3
-64  -78  -3
-64  -83  0
-64  -77  -3
-64  -84  1
-64  -77  -3
-64  -83  0
-80  -93  -7
-64  -87  3
-64  -76  -4
-64  -87  3
-64  -78  -3
-64  -87  3
-80  -100  -1
-64  -92  7
-64  -75  -5
-64  -92  7
-64  -76  -4
-64  -92  7
-64  -76  -4
-64  -92  7
-64  -77  -3
-64  -92  7
-64  -76  -4
-64  -89  5
-80  -91  -8
-64  -90  6
-64  -71  -8
-64  -88  4
-64  -73  -6
-64  -87  3
-64  -73  -6
-64  -87  3
-64  -75  -5
-64  -87  3
-64  -75  -5
-64  -86  3
-64  -79  -2
-64  -85  2
-64  -81  0
-64  -82  0
-64  -83  0
-64  -82  0
-64  -84  1
-64  -81  0
-64  -84  1
-64  -80  -1
-64  -86  3
-64  -79  -2
-64  -86  3
-64  -77  -3
-64  -85  2
-64  -77  -3
-80  -97  -4
-64  -82  0
-64  -79  -2
-80  -106  2
-64  -75  -5
-64  -88  4
-64  -75  -5
-64  -89  5
-64  -78  -3
-64  -88  4
-64  -79  -2
-64  -88  4
-64  -80  -1
-64  -88  4
-64  -80  -1
-64  -88  4
-64  -81  0
-64  -87  3
-64  -81  0
-64  -85  2
-64  -82  0
-64  -83  0
-64  -82  0
-64  -79  -2
-64  -82  0
-64  -77  -3
-64  -83  0
-64  -77  -3
-64  -80  -1
-64  -73  -6
-64  -89  5
-64  -72  -7
-64  -91  7
-64  -73  -6
-64  -91  7
-64  -73  -6
-64  -92  7
-64  -74  -6
-64  -91  7
-64  -74  -6
-64  -92  7
-64  -74  -6
-64  -90  6
-64  -74  -6
-64  -91  7
-64  -74  -6
-64  -90  6
-64  -73  -6
-64  -90  6
-64  -71  -8
-64  -89  5
-64  -71  -8
-64  -90  6
-64  -71  -8
-64  -91  7
-64  -72  -7
-64  -92  7
-64  -73  -6
-64  -93  8
-80  -96  -4
-64  -85  2
-64  -77  -3
-64  -91  7
-64  -76  -4
-64  -92  7
-64  -77  -3
-64  -92  7
-64  -76  -4
-64  -91  7
-64  -76  -4
-64  -91  7
-64  -74  -6
-64  -88  4
-64  -75  -5
-64  -86  3
-64  -73  -6
-64  -87  3
-64  -73  -6
-64  -87  3
-64  -74  -6
-64  -88  4
-64  -74  -6
-64  -88  4
-64  -76  -4
-64  -89  5
-64  -75  -5
-64  -89  5
-64  -76  -4
-64  -90  6
-64  -75  -5
-64  -90  6
-64  -76  -4
-64  -90  6
-80  -100  -1
-64  -78  -3
-64  -80  -1
-64  -84  1
-64  -78  -3
-64  -84  1
-64  -77  -3
-64  -83  0
-64  -78  -3
-64  -84  1
-64  -76  -4
-64  -85  2
-64  -79  -2
-64  -86  3
-64  -78  -3
-64  -88  4
-64  -79  -2
-64  -89  5
-64  -78  -3
-64  -90  6
-64  -78  -3
-64  -91  7
-64  -77  -3
-64  -90  6
-64  -78  -3
-64  -91  7
-64  -75  -5
-64  -90  6
-64  -74  -6
-64  -89  5
-64  -73  -6
-64  -88  4
-64  -72  -7
-64  -88  4
-64  -72  -7
-64  -88  4
-64  -73  -6
-64  -90  6
-64  -71  -8
-64  -92  7
-64  -73  -6
-64  -86  3
-64  -73  -6
-64  -91  7
-64  -75  -5
-64  -91  7
-64  -73  -6
-64  -92  7
-64  -75  -5
-64  -90  6
-64  -75  -5
-64  -90  6
-64  -74  -6
-64  -88  4
-64  -76  -4
-64  -86  3
-64  -75  -5
-64  -85  2
-64  -75  -5
-64  -85  2
-64  -77  -3
-64  -85  2
-64  -78  -3
-64  -85  2
-64  -82  0
-64  -84  1
-64  -83  0
-64  -83  0
-64  -85  2
-64  -83  0
-64  -86  3
-64  -81  0
-64  -87  3
-64  -81  0
-64  -88  4
-64  -79  -2
-64  -88  4
-64  -78  -3
-64  -86  3
-64  -76  -4
-64  -81  0
-80  -98  -3
-64  -81  0
-64  -79  -2
-64  -81  0
-64  -78  -3
-64  -84  1
-64  -78  -3
-64  -84  1
-64  -79  -2
-64  -86  3
-64  -79  -2
-64  -86  3
-64  -78  -3
-64  -88  4
-64  -76  -4
-64  -89  5
-64  -76  -4
-64  -90  6
-64  -76  -4
-64  -90  6
-64  -74  -6
-64  -89  5
-64  -74  -6
-64  -89  5
-64  -73  -6
-64  -87  3
-64  -73  -6
-64  -88  4
-80  -90  -9
-64  -86  3
-64  -76  -4
-64  -89  5
-64  -75  -5
-64  -91  7
-80  -101  -1
-64  -85  2
-64  -82  0
-64  -87  3
-64  -80  -1
-64  -88  4
-64  -80  -1
-64  -89  5
-64  -80  -1
-64  -88  4
-64  -78  -3
-64  -88  4
-80  -96  -4
-64  -82  0
-64  -79  -2
-64  -81  0
-64  -78  -3
-64  -82  0
-64  -78  -3
-64  -83  0
-64  -77  -3
-64  -86  3
-64  -76  -4
-64  -87  3
-64  -77  -3
-64  -87  3
-64  -77  -3
-64  -88  4
-64  -77  -3
-64  -89  5
-64  -76  -4
-64  -90  6
-64  -75  -5
-64  -90  6
-64  -76  -4
-64  -90  6
-64  -74  -6
-64  -88  4
-64  -75  -5
-64  -87  3
-64  -73  -6
-64  -87  3
-64  -73  -6
-64  -88  4
-64  -73  -6
-64  -90  6
-64  -73  -6
-64  -86  3
-64  -74  -6
-64  -91  7
-64  -75  -5
-64  -93  8
-64  -74  -6
-64  -95  10
-64  -74  -6
-64  -93  8
-64  -76  -4
-64  -93  8
-64  -74  -6
-64  -93  8
-64  -75  -5
-64  -91  7
-64  -74  -6
-64  -88  4
-64  -74  -6
-64  -87  3
-64  -72  -7
-64  -87  3
-64  -74  -6
-64  -85  2
-64  -77  -3
-64  -85  2
-64  -78  -3
-64  -84  1
-64  -80  -1
-64  -84  1
-64  -81  0
-64  -82  0
-64  -84  1
-64  -81  0
-64  -84  1
-64  -81  0
-64  -85  2
-64  -80  -1
-64  -86  3
-64  -73  -6
-64  -87  3
-64  -76  -4
-64  -86  3
-64  -76  -4
-64  -85  2
-64  -75  -5
-64  -86  3
-64  -74  -6
-64  -87  3
-64  -75  -5
-64  -88  4
-64  -75  -5
-64  -91  7
-64  -75  -5
-64  -92  7
-64  -75  -5
-64  -93  8
-64  -75  -5
-64  -92  7
-64  -76  -4
-64  -93  8
-64  -75  -5
-64  -93  8
-64  -75  -5
-64  -92  7
-64  -74  -6
-64  -90  6
-64  -73  -6
-64  -89  5
-80  -94  -6
-64  -86  3
-64  -74  -6
-64  -86  3
-64  -74  -6
-64  -83  0
-64  -73  -6
-64  -89  5
-64  -74  -6
-64  -90  6
-64  -74  -6
-64  -91  7
-64  -74  -6
-64  -92  7
-64  -73  -6
-64  -91  7
-64  -74  -6
-64  -91  7
-64  -74  -6
-64  -92  7
-64  -73  -6
-64  -91  7
-64  -72  -7
-64  -90  6
-64  -72  -7
-64  -89  5
-64  -72  -7
-64  -89  5
-64  -72  -7
-64  -89  5
-64  -73  -6
-64  -90  6
-64  -75  -5
-64  -90  6
-64  -75  -5
-64  -92  7
-64  -77  -3
-64  -90  6
-64  -78  -3
-64  -89  5
-64  -80  -1
-64  -88  4
-64  -81  0
-64  -87  3
-64  -81  0
-64  -85  2
-64  -81  0
-64  -83  0
-64  -75  -5
-64  -79  -2
-64  -81  0
-64  -78  -3
-64  -83  0
-64  -77  -3
-64  -84  1
-64  -76  -4
-64  -87  3
-64  -75  -5
-64  -88  4
-64  -75  -5
-64  -91  7
-64  -74  -6
-64  -90  6
-64  -75  -5
-64  -91  7
-64  -74  -6
-64  -91  7
-64  -74  -6
-64  -91  7
-64  -75  -5
-64  -90  6
-64  -74  -6
-64  -90  6
-64  -72  -7
-64  -90  6
-64  -71  -8
-64  -88  4
-64  -72  -7
-64  -90  6
-64  -71  -8
-64  -92  7
-64  -72  -7
-64  -91  7
-64  -74  -6
-64  -92  7
-64  -75  -5
-64  -92  7
-64  -75  -5
-64  -93  8
-64  -76  -4
-64  -92  7
-64  -71  -8
-64  -91  7
-64  -77  -3
-64  -90  6
-64  -77  -3
-64  -89  5
-64  -76  -4
-64  -86  3
-64  -75  -5
-64  -86  3
-64  -74  -6
-64  -85  2
-64  -75  -5
-64  -84  1
-64  -78  -3
-80  -108  4
-64  -75  -5
-64  -89  5
-64  -75  -5
-64  -89  5
-64  -76  -4
-80  -107  3
-64  -73  -6
-64  -92  7
-80  -96  -4
-64  -90  6
-64  -76  -4
-64  -90  6
-64  -75  -5
-64  -89  5
-64  -74  -6
-64  -88  4
-64  -74  -6
-80  -107  3
-64  -71  -8
-64  -85  2
-80  -100  -1
-64  -80  -1
-64  -82  0
-64  -82  0
-64  -82  0
-64  -85  2
-80  -106  2
-64  -80  -1
-64  -87  3
-64  -81  0
-64  -87  3
-64  -82  0
-64  -86  3
-64  -83  0
-64  -84  1
-64  -84  1
-64  -77  -3
-64  -90  6
-80  -99  -2
-64  -77  -3
-64  -85  2
-64  -77  -3
-64  -82  0
-64  -78  -3
-64  -82  0
-64  -79  -2
-64  -81  0
-64  -82  0
-64  -80  -1
-64  -84  1
-64  -79  -2
-64  -85  2
-64  -79  -2
-64  -87  3
-64  -77  -3
-64  -88  4
-64  -77  -3
-64  -88  4
-64  -78  -3
-64  -88  4
-64  -76  -4
-64  -89  5
-64  -75  -5
-64  -89  5
-64  -74  -6
-64  -87  3
-64  -68  -10
-64  -93  8
-64  -67  -11
-64  -89  5
-64  -73  -6
-64  -89  5
-64  -73  -6
-64  -91  7
-64  -75  -5
-64  -92  7
-64  -75  -5
-64  -91  7
-64  -76  -4
-64  -93  8
-64  -74  -6
-64  -94  9
-64  -75  -5
-64  -93  8
-64  -75  -5
-64  -93  8
-64  -74  -6
-64  -91  7
-64  -73  -6
-64  -90  6
-64  -72  -7
-64  -88  4
-64  -72  -7
-64  -89  5
-64  -72  -7
-64  -86  3
-64  -74  -6
-64  -88  4
-64  -76  -4
-64  -86  3
-64  -78  -3
-64  -87  3
-64  -78  -3
-64  -85  2
-64  -81  0
-64  -83  0
-64  -84  1
-64  -82  0
-64  -83  0
-64  -75  -5
-64  -86  3
-64  -78  -3
-64  -86  3
-64  -77  -3
-64  -86  3
-64  -77  -3
-64  -84  1
-64  -75  -5
-64  -86  3
-64  -75  -5
-64  -86  3
-64  -76  -4
-64  -87  3
-64  -77  -3
-64  -90  6
-64  -75  -5
-64  -92  7
-64  -75  -5
-64  -92  7
-64  -76  -4
-64  -92  7
-64  -76  -4
-64  -92  7
-64  -76  -4
-64  -92  7
-64  -76  -4
-64  -91  7
-64  -75  -5
-64  -90  6
-64  -72  -7
-64  -90  6
-64  -71  -8
-64  -89  5
-64  -71  -8
-64  -89  5
-64  -66  -12
-64  -95  10
-64  -73  -6
-64  -83  0
-64  -75  -5
-64  -89  5
-64  -76  -4
-64  -88  4
-64  -77  -3
-64  -88  4
-64  -77  -3
-64  -88  4
-64  -78  -3
-64  -87  3
-64  -79  -2
-64  -85  2
-64  -80  -1
-64  -84  1
-64  -80  -1
-64  -82  0
-64  -81  0
-64  -79  -2
-64  -82  0
-64  -78  -3
-64  -84  1
-64  -77  -3
-64  -85  2
-64  -78  -3
-64  -86  3
-64  -78  -3
-64  -88  4
-64  -79  -2
-64  -89  5
-64  -78  -3
-64  -90  6
-64  -78  -3
-64  -91  7
-64  -77  -3
-64  -91  7
-64  -77  -3
-64  -90  6
-64  -76  -4
-64  -86  3
-64  -73  -6
-64  -90  6
-64  -72  -7
-64  -88  4
-64  -71  -8
-64  -89  5
-64  -72  -7
-64  -87  3
-64  -73  -6
-64  -90  6
-64  -72  -7
-64  -91  7
-64  -72  -7
-64  -92  7
-64  -74  -6
-64  -91  7
-64  -74  -6
-64  -90  6
-64  -76  -4
-64  -90  6
-64  -75  -5
-64  -90  6
-64  -75  -5
-64  -90  6
-64  -75  -5
-64  -88  4
-64  -75  -5
-64  -86  3
-64  -75  -5
-64  -85  2
-64  -76  -4
-64  -84  1
-64  -78  -3
-64  -85  2
-64  -79  -2
-64  -84  1
-64  -82  0
-64  -83  0
-64  -85  2
-64  -74  -6
-64  -89  5
-64  -79  -2
-64  -90  6
-64  -78  -3
-64  -90  6
-64  -78  -3
-64  -90  6
-64  -76  -4
-64  -91  7
-64  -75  -5
-64  -90  6
-64  -73  -6
-64  -88  4
-80  -97  -4
-64  -82  0
-64  -77  -3
-64  -83  0
-64  -77  -3
-64  -84  1
-64  -78  -3
-64  -84  1
-64  -79  -2
-64  -87  3
-64  -76  -4
-64  -89  5
-64  -75  -5
-64  -91  7
-64  -75  -5
-64  -90  6
-64  -75  -5
-64  -90  6
-64  -75  -5
-64  -90  6
-64  -75  -5
-64  -90  6
-64  -73  -6
-64  -84  1
-64  -77  -3
-64  -84  1
-64  -71  -8
-64  -90  6
-64  -71  -8
-64  -89  5
-64  -72  -7
-64  -93  8
-64  -72  -7
-64  -93  8
-64  -75  -5
-64  -91  7
-64  -75  -5
-64  -93  8
-64  -75  -5
-64  -93  8
-64  -76  -4
-64  -91  7
-64  -78  -3
-64  -90  6
-64  -78  -3
-64  -88  4
-64  -77  -3
-64  -88  4
-64  -75  -5
-64  -85  2
-64  -75  -5
-64  -85  2
-64  -75  -5
-64  -84  1
-64  -77  -3
-64  -84  1
-64  -79  -2
-64  -83  0
-64  -80  -1
-64  -83  0
-64  -82  0
-64  -82  0
-64  -84  1
-64  -80  -1
-64  -85  2
-64  -80  -1
-64  -86  3
-64  -78  -3
-64  -88  4
-64  -72  -7
-64  -88  4
-64  -76  -4
-64  -87  3
-64  -74  -6
-64  -88  4
-64  -73  -6
-64  -88  4
-64  -72  -7
-80  -107  3
-64  -79  -2
-64  -85  2
-64  -78  -3
-64  -87  3
-64  -78  -3
-64  -89  5
-64  -77  -3
-64  -91  7
-64  -77  -3
-64  -92  7
-64  -76  -4
-64  -92  7
-64  -77  -3
-64  -91  7
-64  -76  -4
-64  -92  7
-64  -75  -5
-64  -85  2
-64  -78  -3
-64  -88  4
-64  -73  -6
-64  -88  4
-64  -66  -12
-64  -88  4
-64  -72  -7
-64  -89  5
-64  -73  -6
-64  -88  4
-64  -74  -6
-64  -91  7
-80  -96  -4
-64  -89  5
-64  -76  -4
-64  -89  5
-64  -75  -5
-64  -91  7
-64  -75  -5
-64  -90  6
-64  -76  -4
-64  -89  5
-64  -76  -4
-64  -89  5
-64  -75  -5
-64  -88  4
-64  -73  -6
-64  -87  3
-64  -74  -6
-64  -87  3
-64  -73  -6
-64  -82  0
-64  -74  -6
-64  -89  5
-64  -75  -5
-64  -91  7
-64  -76  -4
-64  -91  7
-64  -75  -5
-64  -92  7
-64  -76  -4
-64  -92  7
-64  -76  -4
-64  -92  7
-64  -77  -3
-64  -93  8
-64  -75  -5
-64  -91  7
-64  -75  -5
-64  -90  6
-64  -72  -7
-64  -89  5
-64  -73  -6
-64  -87  3
-64  -72  -7
-64  -88  4
-64  -72  -7
-64  -89  5
-64  -73  -6
-64  -89  5
-64  -73  -6
-64  -91  7
-64  -74  -6
-64  -91  7
-64  -73  -6
-64  -93  8
-64  -67  -11
-64  -97  11
-80  -90  -9
-64  -92  7
-64  -74  -6
-64  -91  7
-64  -74  -6
-64  -91  7
-64  -72  -7
-64  -91  7
-64  -71  -8
-80  -110  5
-64  -73  -6
-64  -88  4
-80  -91  -8
-64  -84  1
-64  -78  -3
-64  -85  2
-64  -79  -2
-64  -87  3
-80  -104  1
-64  -83  0
-64  -85  2
-64  -83  0
-64  -85  2
-64  -84  1
-64  -83  0
-64  -86  3
-64  -83  0
-64  -85  2
-64  -81  0
-64  -86  3
-80  -98  -3
-64  -79  -2
-64  -82  0
-64  -78  -3
-64  -82  0
-64  -79  -2
-64  -79  -2
-64  -82  0
-64  -79  -2
-64  -84  1
-64  -77  -3
-64  -86  3
-64  -78  -3
-64  -87  3
-64  -77  -3
-64  -88  4
-64  -76  -4
-64  -89  5
-64  -77  -3
-64  -89  5
-64  -75  -5
-64  -91  7
-64  -75  -5
-64  -90  6
-64  -74  -6
-64  -89  5
-64  -74  -6
-64  -88  4
-64  -73  -6
-64  -87  3
-64  -73  -6
-64  -88  4
-64  -73  -6
-64  -84  1
-64  -79  -2
-64  -86  3
-64  -73  -6
-64  -93  8
-64  -75  -5
-64  -92  7
-64  -75  -5
-64  -94  9
-64  -74  -6
-64  -93  8
-64  -75  -5
-64  -93  8
-64  -76  -4
-64  -92  7
-64  -75  -5
-64  -90  6
-64  -74  -6
-64  -89  5
-64  -73  -6
-64  -88  4
-64  -73  -6
-64  -86  3
-64  -75  -5
-64  -85  2
-64  -76  -4
-64  -85  2
-64  -77  -3
-64  -84  1
-64  -82  0
-64  -82  0
-64  -84  1
-64  -80  -1
-64  -85  2
-64  -80  -1
-64  -86  3
-64  -78  -3
-64  -87  3
-64  -79  -2
-64  -82  0
-64  -77  -3
-64  -88  4
-64  -75  -5
-64  -87  3
-64  -74  -6
-64  -87  3
-64  -74  -6
-64  -87  3
-64  -74  -6
-64  -87  3
-64  -74  -6
-64  -90  6
-64  -74  -6
-64  -91  7
-64  -76  -4
-64  -91  7
-64  -75  -5
-64  -91  7
-64  -77  -3
-64  -92  7
-64  -76  -4
-64  -93  8
-64  -76  -4
-64  -92  7
-64  -75  -5
-64  -92  7
-64  -74  -6
-64  -91  7
-64  -71  -8
-64  -90  6
-80  -87  -12
-64  -88  4
-64  -72  -7
-64  -89  5
-64  -71  -8
-64  -91  7
-64  -71  -8
-64  -90  6
-64  -73  -6
-64  -91  7
-64  -74  -6
-64  -91  7
-64  -73  -6
-64  -93  8
-64  -73  -6
-64  -91  7
-64  -74  -6
-64  -92  7
-64  -74  -6
-64  -91  7
-64  -75  -5
-64  -89  5
-64  -74  -6
-64  -88  4
-64  -74  -6
-64  -86  3
-64  -74  -6
-64  -86  3
-80  -95  -5
-64  -84  1
-64  -73  -6
-64  -91  7
-64  -74  -6
-64  -91  7
-64  -75  -5
-64  -92  7
-64  -76  -4
-80  -114  9
-64  -76  -4
-64  -93  8
-64  -75  -5
-64  -93  8
-64  -75  -5
-64  -93  8
-64  -74  -6
-64  -92  7
-64  -73  -6
-64  -90  6
-64  -72  -7
-64  -89  5
-64  -72  -7
-64  -88  4
-64  -72  -7
-64  -88  4
-64  -73  -6
-64  -88  4
-64  -74  -6
-64  -82  0
-64  -82  0
-64  -88  4
-64  -77  -3
-64  -80  -1
-64  -80  -1
-64  -85  2
-64  -81  0
-64  -84  1
-64  -82  0
-64  -82  0
-80  -102  0
-64  -89  5
-64  -76  -4
-64  -86  3
-64  -77  -3
-64  -85  2
-64  -76  -4
-64  -84  1
-64  -77  -3
-64  -83  0
-64  -80  -1
-64  -82  0
-64  -81  0
-64  -82  0
-64  -85  2
-64  -80  -1
-64  -87  3
-64  -79  -2
-64  -89  5
-64  -73  -6
-64  -95  10
-64  -73  -6
-64  -91  7
-64  -77  -3
-64  -92  7
-64  -75  -5
-64  -91  7
-64  -75  -5
-64  -90  6
-64  -74  -6
-64  -87  3
-80  -97  -4
-64  -82  0
-64  -77  -3
-64  -83  0
-64  -77  -3
-64  -85  2
-64  -77  -3
-64  -85  2
-64  -77  -3
-64  -88  4
-64  -77  -3
-64  -88  4
-64  -76  -4
-64  -89  5
-64  -76  -4
-64  -89  5
-64  -76  -4
-64  -90  6
-64  -75  -5
-64  -90  6
-64  -75  -5
-64  -90  6
-64  -73  -6
-64  -84  1
-64  -71  -8
-64  -90  6
-64  -71  -8
-64  -90  6
-80  -94  -6
-64  -87  3
-64  -74  -6
-64  -91  7
-64  -73  -6
-64  -92  7
-80  -100  -1
-64  -87  3
-64  -80  -1
-64  -88  4
-64  -80  -1
-64  -88  4
-64  -80  -1
-64  -89  5
-64  -79  -2
-64  -89  5
-64  -77  -3
-64  -89  5
-64  -71  -8
-64  -88  4
-64  -73  -6
-64  -88  4
-64  -73  -6
-64  -86  3
-64  -73  -6
-64  -87  3
-64  -74  -6
-64  -88  4
-64  -73  -6
-64  -90  6
-64  -74  -6
-64  -90  6
-64  -75  -5
-64  -90  6
-64  -75  -5
-64  -90  6
-64  -75  -5
-64  -89  5
-64  -76  -4
-64  -91  7
-80  -99  -2
-64  -84  1
-64  -80  -1
-64  -83  0
-64  -80  -1
-64  -82  0
-80  -98  -3
-64  -76  -4
-64  -84  1
-64  -77  -3
-64  -84  1
-64  -79  -2
-64  -84  1
-64  -80  -1
-64  -85  2
-64  -82  0
-64  -85  2
-64  -83  0
-64  -84  1
-64  -84  1
-64  -83  0
-64  -87  3
-64  -81  0
-64  -87  3
-64  -81  0
-64  -87  3
-64  -79  -2
-64  -87  3
-64  -76  -4
-64  -86  3
-64  -75  -5
-64  -87  3
-64  -72  -7
-64  -88  4
-64  -72  -7
-64  -88  4
-64  -73  -6
-80  -103  0
-64  -77  -3
-64  -88  4
-80  -101  -1
-64  -83  0
-64  -80  -1
-64  -85  2
-64  -80  -1
-64  -86  3
-64  -79  -2
-64  -86  3
-64  -78  -3
-64  -88  4
-64  -77  -3
-64  -88  4
-64  -75  -5
-64  -88  4
-64  -74  -6
-64  -86  3
-64  -74  -6
-64  -87  3
-64  -74  -6
-64  -88  4
-64  -73  -6
-64  -90  6
-64  -74  -6
-64  -91  7
-64  -75  -5
-64  -91  7
-64  -76  -4
-64  -91  7
-64  -77  -3
-64  -92  7
-64  -76  -4
-64  -87  3
-64  -75  -5
-64  -93  8
-80  -99  -2
-64  -88  4
-64  -78  -3
-64  -86  3
-64  -77  -3
-64  -85  2
-64  -76  -4
-64  -84  1
-64  -74  -6
-64  -86  3
-64  -74  -6
-64  -88  4
-64  -74  -6
-64  -88  4
-64  -75  -5
-64  -89  5
-64  -76  -4
-64  -89  5
-64  -76  -4
-64  -89  5
-64  -75  -5
-64  -86  3
-64  -80  -1
-64  -90  6
-64  -75  -5
-64  -85  2
-64  -74  -6
-64  -90  6
-64  -74  -6
-64  -90  6
-64  -71  -8
-80  -109  5
-64  -74  -6
-64  -86  3
-80  -100  -1
-64  -81  0
-64  -80  -1
-64  -85  2
-64  -79  -2
-64  -86  3
-80  -100  -1
-64  -82  0
-64  -85  2
-64  -83  0
-64  -85  2
-64  -84  1
-64  -83  0
-64  -86  3
-64  -82  0
-64  -87  3
-64  -79  -2
-64  -87  3
-80  -103  0
-64  -78  -3
-64  -84  1
-64  -77  -3
-64  -82  0
-64  -78  -3
-64  -82  0
-64  -80  -1
-64  -79  -2
-64  -83  0
-64  -79  -2
-64  -84  1
-64  -80  -1
-64  -81  0
-64  -76  -4
-64  -88  4
-64  -77  -3
-64  -89  5
-64  -76  -4
-64  -90  6
-64  -75  -5
-64  -91  7
-64  -74  -6
-64  -90  6
-64  -75  -5
-64  -88  4
-64  -74  -6
-64  -88  4
-64  -73  -6
-64  -88  4
-64  -72  -7
-64  -88  4
-64  -74  -6
-64  -88  4
-64  -75  -5
-64  -90  6
-64  -75  -5
-64  -91  7
-64  -75  -5
-64  -92  7
-64  -75  -5
-64  -93  8
-64  -75  -5
-64  -93  8
-64  -75  -5
-64  -94  9
-64  -75  -5
-64  -92  7
-64  -74  -6
-64  -92  7
-64  -73  -6
-64  -91  7
-64  -71  -8
-64  -88  4
-64  -72  -7
-64  -88  4
-64  -72  -7
-64  -88  4
-64  -69  -10
-64  -86  3
-64  -77  -3
-64  -85  2
-64  -80  -1
-64  -84  1
-64  -80  -1
-64  -84  1
-64  -83  0
-64  -81  0
-64  -85  2
-64  -80  -1
-64  -85  2
-64  -80  -1
-64  -85  2
-64  -79  -2
-64  -86  3
-64  -77  -3
-64  -86  3
-64  -76  -4
-80  -103  0
-64  -82  0
-64  -79  -2
-80  -100  -1
-64  -75  -5
-64  -88  4
-64  -77  -3
-64  -86  3
-64  -80  -1
-80  -111  6
-64  -75  -5
-64  -92  7
-64  -76  -4
-64  -91  7
-64  -77  -3
-64  -92  7
-64  -77  -3
-64  -91  7
-64  -77  -3
-64  -89  5
-64  -77  -3
-64  -87  3
-64  -78  -3
-64  -84  1
-64  -77  -3
-64  -81  0
-64  -79  -2
-64  -80  -1
-64  -81  0
-64  -79  -2
-64  -84  1
-64  -77  -3
-64  -86  3
-64  -77  -3
-64  -88  4
-64  -70  -9
-64  -96  11
-64  -75  -5
-64  -89  5
-64  -70  -9
-64  -91  7
-64  -75  -5
-64  -89  5
-64  -75  -5
-64  -91  7
-64  -75  -5
-64  -89  5
-64  -74  -6
-64  -88  4
-64  -72  -7
-64  -88  4
-64  -73  -6
-64  -88  4
-64  -72  -7
-64  -90  6
-64  -74  -6
-64  -90  6
-64  -74  -6
-64  -92  7
-64  -75  -5
-64  -92  7
-64  -75  -5
-64  -93  8
-64  -75  -5
-64  -94  9
-64  -75  -5
-64  -93  8
-64  -75  -5
-64  -93  8
-64  -74  -6
-64  -92  7
-80  -89  -10
-64  -90  6
-64  -72  -7
-64  -88  4
-64  -72  -7
-64  -88  4
-64  -71  -8
-64  -90  6
-64  -71  -8
-64  -90  6
-64  -72  -7
-64  -91  7
-64  -74  -6
-64  -90  6
-64  -75  -5
-64  -90  6
-64  -75  -5
-64  -90  6
-64  -75  -5
-64  -90  6
-64  -76  -4
-64  -89  5
-64  -77  -3
-64  -87  3
-64  -78  -3
-64  -85  2
-64  -77  -3
-64  -85  2
-64  -76  -4
-64  -83  0
-64  -78  -3
-64  -83  0
-64  -79  -2
-64  -82  0
-64  -82  0
-64  -82  0
-64  -84  1
-64  -81  0
-64  -86  3
-64  -80  -1
-64  -88  4
-64  -80  -1
-64  -84  1
-64  -77  -3
-64  -91  7
-64  -77  -3
-64  -92  7
-64  -75  -5
-64  -92  7
-64  -74  -6
-64  -90  6
-64  -74  -6
-64  -87  3
-80  -97  -4
-64  -82  0
-64  -77  -3
-64  -84  1
-64  -76  -4
-64  -85  2
-64  -76  -4
-64  -87  3
-64  -76  -4
-64  -87  3
-64  -77  -3
-64  -89  5
-64  -76  -4
-64  -90  6
-64  -75  -5
-64  -90  6
-64  -75  -5
-64  -85  2
-64  -81  0
-64  -90  6
-64  -69  -10
-64  -90  6
-64  -74  -6
-64  -88  4
-64  -72  -7
-64  -89  5
-64  -71  -8
-64  -90  6
-64  -71  -8
-64  -91  7
-64  -72  -7
-64  -91  7
-64  -73  -6
-64  -92  7
-64  -74  -6
-64  -93  8
-64  -74  -6
-64  -93  8
-64  -76  -4
-64  -93  8
-64  -75  -5
-64  -92  7
-64  -76  -4
-64  -92  7
-64  -76  -4
-64  -91  7
-64  -75  -5
-64  -88  4
-64  -75  -5
-64  -86  3
-64  -75  -5
-64  -85  2
-64  -74  -6
-64  -85  2
-64  -76  -4
-64  -85  2
-64  -77  -3
-64  -85  2
-64  -78  -3
-64  -86  3
-64  -79  -2
-64  -86  3
-64  -75  -5
-64  -82  0
-64  -83  0
-64  -82  0
-64  -85  2
-64  -80  -1
-64  -85  2
-64  -79  -2
-64  -86  3
-64  -78  -3
-64  -85  2
-64  -77  -3
-64  -85  2
-64  -76  -4
-64  -84  1
-64  -76  -4
-80  -105  2
-64  -81  0
-64  -82  0
-64  -80  -1
-64  -85  2
-64  -81  0
-64  -87  3
-64  -79  -2
-64  -88  4
-64  -79  -2
-64  -90  6
-64  -78  -3
-64  -90  6
-64  -77  -3
-64  -92  7
-64  -77  -3
-64  -90  6
-64  -76  -4
-64  -89  5
-64  -69  -10
-64  -89  5
-64  -71  -8
-64  -88  4
-64  -72  -7
-64  -88  4
-64  -73  -6
-64  -88  4
-64  -73  -6
-64  -89  5
-64  -73  -6
-64  -92  7
-80  -95  -5
-64  -90  6
-64  -75  -5
-64  -90  6
-64  -75  -5
-64  -90  6
-64  -75  -5
-64  -90  6
-64  -76  -4
-64  -89  5
-64  -76  -4
-64  -89  5
-64  -75  -5
-64  -88  4
-64  -74  -6
-64  -86  3
-64  -74  -6
-64  -87  3
-64  -67  -11
-64  -89  5
-64  -73  -6
-64  -90  6
-64  -74  -6
-64  -91  7
-64  -75  -5
-64  -92  7
-64  -74  -6
-64  -93  8
-64  -75  -5
-64  -92  7
-64  -76  -4
-64  -94  9
-64  -74  -6
-64  -94  9
-64  -74  -6
-64  -93  8
-64  -73  -6
-64  -91  7
-64  -73  -6
-64  -89  5
-64  -72  -7
-64  -88  4
-64  -72  -7
-64  -87  3
-64  -73  -6
-64  -89  5
-64  -72  -7
-64  -88  4
-64  -75  -5
-64  -90  6
-64  -76  -4
-64  -88  4
-64  -77  -3
-64  -87  3
-64  -78  -3
-64  -87  3
-64  -79  -2
-64  -86  3
-64  -79  -2
-64  -86  3
-64  -80  -1
-64  -84  1
-64  -81  0
-64  -74  -6
-64  -84  1
-64  -83  0
-64  -77  -3
-64  -77  -3
-64  -84  1
-64  -76  -4
-64  -86  3
-64  -76  -4
-64  -89  5
-64  -76  -4
-64  -90  6
-64  -76  -4
-64  -92  7
-64  -75  -5
-64  -92  7
-64  -76  -4
-64  -92  7
-64  -77  -3
-64  -93  8
-64  -75  -5
-64  -92  7
-64  -75  -5
-64  -90  6
-80  -99  -2
-64  -84  1
-64  -78  -3
-64  -81  0
-64  -78  -3
-64  -83  0
-64  -77  -3
-64  -83  0
-64  -72  -7
-64  -87  3
-64  -75  -5
-64  -87  3
-64  -76  -4
-64  -88  4
-64  -77  -3
-64  -89  5
-64  -76  -4
-64  -90  6
-64  -74  -6
-64  -91  7
-64  -75  -5
-64  -90  6
-64  -75  -5
-64  -90  6
-64  -74  -6
-64  -89  5
-64  -73  -6
-64  -89  5
-64  -72  -7
-64  -89  5
-64  -72  -7
-64  -88  4
-64  -72  -7
-64  -91  7
-64  -73  -6
-64  -92  7
-64  -72  -7
-64  -93  8
-64  -75  -5
-64  -92  7
-64  -75  -5
-64  -93  8
-64  -75  -5
-64  -93  8
-64  -76  -4
-64  -92  7
-64  -76  -4
-64  -92  7
-64  -75  -5
-64  -90  6
-64  -75  -5
-64  -87  3
-64  -75  -5
-64  -79  -2
-64  -77  -3
-64  -82  0
-64  -79  -2
-64  -81  0
-64  -80  -1
-64  -81  0
-64  -82  0
-64  -80  -1
-64  -85  2
-64  -79  -2
-64  -87  3
-64  -77  -3
-64  -87  3
-64  -77  -3
-64  -88  4
-64  -78  -3
-64  -88  4
-64  -77  -3
-64  -89  5
-64  -75  -5
-64  -90  6
-64  -74  -6
-64  -88  4
-64  -74  -6
-80  -106  2
-64  -77  -3
-64  -83  0
-80  -98  -3
-64  -77  -3
-64  -84  1
-64  -80  -1
-64  -84  1
-64  -83  0
-80  -109  5
-64  -77  -3
-64  -90  6
-64  -79  -2
-64  -89  5
-64  -78  -3
-64  -89  5
-64  -80  -1
-64  -89  5
-64  -79  -2
-64  -87  3
-64  -80  -1
-64  -84  1
-64  -80  -1
-64  -81  0
-64  -81  0
-64  -78  -3
-64  -82  0
-64  -77  -3
-64  -79  -2
-64  -75  -5
-64  -88  4
-64  -73  -6
-64  -90  6
-64  -75  -5
-64  -89  5
-64  -75  -5
-64  -91  7
-64  -73  -6
-64  -91  7
-64  -74  -6
-64  -91  7
-64  -75  -5
-64  -91  7
-64  -74  -6
-64  -90  6
-64  -75  -5
-64  -89  5
-64  -74  -6
-64  -88  4
-64  -73  -6
-64  -88  4
-64  -72  -7
-64  -88  4
-64  -73  -6
-64  -89  5
-64  -74  -6
-64  -90  6
-64  -75  -5
-64  -91  7
-64  -76  -4
-64  -91  7
-64  -75  -5
-64  -93  8
-64  -75  -5
-64  -93  8
-64  -76  -4
-64  -93  8
-64  -75  -5
-64  -93  8
-64  -73  -6
-64  -92  7
-80  -90  -9
-64  -89  5
-64  -73  -6
-64  -88  4
-64  -72  -7
-64  -88  4
-64  -72  -7
-64  -88  4
-64  -72  -7
-64  -91  7
-64  -71  -8
-64  -91  7
-64  -74  -6
-64  -91  7
-64  -73  -6
-64  -91  7
-64  -75  -5
-64  -91  7
-64  -74  -6
-64  -91  7
-64  -74  -6
-64  -92  7
-64  -74  -6
-64  -91  7
-64  -73  -6
-64  -90  6
-64  -73  -6
-64  -82  0
-64  -79  -2
-64  -81  0
-64  -76  -4
-64  -84  1
-64  -78  -3
-64  -84  1
-64  -79  -2
-64  -84  1
-64  -83  0
-64  -82  0
-64  -85  2
-64  -82  0
-64  -86  3
-64  -81  0
-64  -87  3
-64  -81  0
-64  -89  5
-64  -78  -3
-64  -89  5
-64  -78  -3
-64  -89  5
-64  -77  -3
-64  -89  5
-64  -73  -6
-64  -88  4
-80  -98  -3
-64  -81  0
-64  -78  -3
-64  -82  0
-64  -77  -3
-64  -80  -1
-80  -100  -1
-64  -81  0
-64  -84  1
-64  -81  0
-64  -82  0
-64  -83  0
-64  -82  0
-64  -84  1
-64  -80  -1
-64  -85  2
-64  -80  -1
-64  -86  3
-64  -79  -2
-64  -87  3
-64  -77  -3
-64  -87  3
-64  -75  -5
-64  -87  3
-64  -73  -6
-64  -89  5
-64  -72  -7
-64  -89  5
-64  -72  -7
-64  -89  5
-64  -74  -6
-64  -90  6
-64  -74  -6
-64  -92  7
-80  -93  -7
-64  -89  5
-64  -77  -3
-64  -91  7
-64  -77  -3
-64  -92  7
-64  -77  -3
-64  -92  7
-64  -76  -4
-64  -92  7
-64  -75  -5
-64  -91  7
-80  -99  -2
-64  -81  0
-64  -80  -1
-64  -82  0
-64  -78  -3
-64  -81  0
-64  -73  -6
-64  -88  4
-64  -72  -7
-64  -86  3

65  80  2
64  81  0
64  75  5
64  86  -3
64  78  3
64  79  2
64  76  4
64  78  3
64  79  2
64  80  1
64  82  0
64  79  2
64  81  0
64  84  -1
64  82  0
64  86  -3
64  81  0
64  86  -3
64  82  0
64  86  -3
64  82  0
64  86  -3
64  82  0
64  85  -2
64  82  0
64  84  -1
64  82  0
64  83  0
64  80  1
64  83  0
64  78  3
64  82  0
64  78  3
64  83  0
64  79  2
64  78  3
64  77  3
64  87  -3
64  77  3
64  87  -3
64  77  3
64  88  -4
64  76  4
64  90  -6
64  74  6
64  91  -7
64  74  6
64  92  -7
64  74  6
64  91  -7
64  73  6
64  90  -6
64  73  6
64  89  -5
64  72  7
64  89  -5
64  72  7
64  88  -4
64  72  7
64  90  -6
64  71  8
64  91  -7
64  74  6
64  92  -7
64  74  6
64  92  -7
64  76  4
64  91  -7
64  77  3
64  92  -7
64  76  4
64  85  -2
64  79  2
64  88  -4
64  80  1
64  86  -3
64  80  1
64  84  -1
64  79  2
64  83  0
64  79  2
64  82  0
64  80  1
64  80  1
64  81  0
64  80  1
64  83  0
64  79  2
64  85  -2
64  79  2
64  85  -2
64  79  2
64  86  -3
64  78  3
64  87  -3
64  78  3
64  89  -5
64  76  4
64  89  -5
64  76  4
64  88  -4
64  76  4
64  88  -4
64  74  6
64  87  -3
64  73  6
64  87  -3
64  67  11
64  88  -4
64  73  6
64  89  -5
64  75  5
64  89  -5
64  76  4
64  92  -7
64  75  5
64  91  -7
64  76  4
64  92  -7
64  76  4
64  93  -8
64  74  6
64  94  -9
64  74  6
64  93  -8
64  74  6
64  92  -7
64  73  6
64  90  -6
64  71  8
64  90  -6
64  72  7
64  88  -4
64  72  7
64  89  -5
64  73  6
64  89  -5
64  75  5
64  88  -4
64  76  4
64  87  -3
64  78  3
64  87  -3
64  78  3
64  86  -3
64  75  5
64  83  0
64  83  0
64  82  0
64  84  -1
64  79  2
64  85  -2
64  79  2
64  84  -1
64  77  3
64  84  -1
64  76  4
64  83  0
64  77  3
64  84  -1
64  77  3
64  87  -3
64  77  3
64  88  -4
64  79  2
64  89  -5
64  78  3
64  90  -6
64  76  4
64  92  -7
64  76  4
64  92  -7
64  76  4
64  92  -7
64  76  4
64  90  -6
64  76  4
64  89  -5
64  74  6
64  88  -4
64  73  6
64  89  -5
64  72  7
64  84  -1
64  71  8
64  90  -6
64  73  6
64  90  -6
64  73  6
64  91  -7
64  74  6
64  90  -6
64  74  6
64  91  -7
64  75  5
64  89  -5
64  76  4
64  90  -6
64  76  4
64  88  -4
64  76  4
64  87  -3
64  77  3
64  85  -2
64  77  3
64  83  0
64  77  3
64  82  0
64  79  2
64  81  0
64  82  0
64  81  0
64  84  -1
64  81  0
64  86  -3
64  80  1
64  88  -4
64  79  2
64  90  -6
64  77  3
64  91  -7
64  77  3
64  86  -3
64  81  0
64  87  -3
64  74  6
64  91  -7
64  73  6
64  90  -6
64  73  6
64  89  -5
80  95  5
64  85  -2
64  75  5
64  86  -3
64  76  4
64  87  -3
80  101  1
64  78  3
64  79  2
64  85  -2
64  79  2
64  86  -3
80  105  -2
64  79  2
64  85  -2
64  81  0
64  84  -1
64  82  0
64  82  0
64  82  0
64  81  0
64  83  0
64  78  3
64  82  0
64  77  3
64  84  -1
64  75  5
64  86  -3
64  76  4
64  88  -4
64  76  4
64  89  -5
64  76  4
64  91  -7
64  77  3
64  91  -7
64  70  9
64  93  -8
64  75  5
64  93  -8
64  75  5
64  93  -8
64  75  5
64  92  -7
64  74  6
64  90  -6
64  73  6
64  90  -6
64  72  7
64  89  -5
64  72  7
64  88  -4
64  73  6
64  89  -5
64  73  6
64  89  -5
64  74  6
64  91  -7
64  73  6
64  91  -7
64  73  6
64  91  -7
64  75  5
64  91  -7
64  72  7
64  94  -9
64  79  2
64  87  -3
64  82  0
64  84  -1
64  81  0
64  81  0
64  81  0
64  78  3
64  81  0
64  80  1

-65  -80  -2
-64  -80  -1
-64  -82  0
-64  -82  0
-64  -80  -1
-64  -86  3
-64  -83  0
-64  -80  -1
-64  -79  -2
-64  -80  -1
-64  -79  -2
-64  -79  -2
-64  -80  -1
-64  -84  1
-64  -81  0
-64  -84  1
-64  -81  0
-64  -84  1
-64  -82  0
-80  -104  1
-64  -86  3
-64  -77  -3
-64  -87  3
-64  -75  -5
-64  -87  3
-64  -74  -6
-64  -87  3
-64  -73  -6
-64  -87  3
-64  -74  -6
-64  -88  4
-64  -75  -5
-64  -88  4
-64  -78  -3
-64  -88  4
-64  -80  -1
-64  -87  3
-64  -80  -1
-64  -87  3
-64  -82  0
-64  -85  2
-64  -84  1
-64  -84  1
-64  -84  1
-64  -84  1
-64  -84  1
-64  -81  0
-64  -79  -2
-64  -77  -3
-64  -84  1
-80  -102  0
-64  -76  -4
-64  -83  0
-64  -78  -3
-64  -83  0
-64  -78  -3
-80  -107  3
-64  -74  -6
-64  -90  6
-64  -75  -5
-64  -89  5
-64  -76  -4
-80  -107  3
-64  -73  -6
-64  -93  8
-64  -73  -6
-64  -92  7
-64  -73  -6
-64  -92  7
-64  -73  -6
-64  -92  7
-64  -73  -6
-64  -88  4
-64  -74  -6
-64  -87  3
-64  -74  -6
-64  -86  3
-64  -75  -5
-64  -86  3
-64  -77  -3
-64  -85  2
-64  -79  -2
-64  -85  2
-64  -82  0
-64  -83  0
-64  -84  1
-64  -83  0
-64  -86  3
-64  -82  0
-64  -87  3
-64  -80  -1
-64  -88  4
-64  -80  -1
-64  -89  5
-64  -72  -7
-64  -95  10
-80  -95  -5
-64  -81  0
-64  -81  0
-64  -80  -1
-64  -78  -3
-64  -83  0
-64  -77  -3
-64  -83  0
-64  -77  -3
-64  -85  2
-64  -77  -3
-64  -87  3
-64  -77  -3
-64  -87  3
-64  -77  -3
-64  -88  4
-64  -77  -3
-64  -89  5
-64  -76  -4
-64  -90  6
-64  -75  -5
-64  -90  6
-64  -75  -5
-64  -90  6
-64  -75  -5
-64  -83  0
-64  -74  -6
-64  -88  4
-64  -73  -6
-64  -88  4
-64  -72  -7
-64  -88  4
-64  -73  -6
-64  -89  5
-64  -73  -6
-64  -93  8
-64  -73  -6
-64  -92  7
-64  -75  -5
-64  -92  7
-64  -75  -5
-64  -94  9
-64  -74  -6
-64  -93  8
-64  -76  -4
-64  -93  8
-64  -75  -5
-64  -92  7
-64  -75  -5
-64  -90  6
-64  -74  -6
-64  -89  5
-64  -73  -6
-64  -87  3
-64  -73  -6
-64  -87  3
-64  -74  -6
-64  -85  2
-64  -76  -4
-64  -86  3
-64  -77  -3
-64  -85  2
-64  -80  -1
-64  -77  -3
-64  -89  5
-64  -75  -5
-64  -86  3
-64  -79  -2
-64  -87  3
-64  -77  -3
-64  -88  4
-64  -78  -3
-64  -88  4
-64  -76  -4
-64  -88  4
-64  -75  -5
-64  -88  4
-64  -74  -6
-80  -105  2
-64  -79  -2
-64  -83  0
-80  -104  1
-64  -76  -4
-64  -85  2
-64  -75  -5
-64  -83  0
-64  -83  0
-80  -108  4
-64  -78  -3
-64  -89  5
-64  -79  -2
-64  -89  5
-64  -79  -2
-64  -89  5
-64  -80  -1
-64  -88  4
-64  -80  -1
-64  -86  3
-64  -81  0
-80  -109  5
-64  -73  -6
-64  -88  4
-64  -73  -6
-64  -87  3
-64  -73  -6
-64  -80  -1
-64  -77  -3
-64  -83  0
-64  -79  -2
-64  -81  0
-64  -82  0
-64  -82  0
-64  -84  1
-64  -80  -1
-64  -85  2
-64  -79  -2
-64  -87  3
-64  -78  -3
-64  -87  3
-64  -78  -3
-64  -88  4
-64  -77  -3
-64  -88  4
-64  -77  -3
-64  -87  3
-64  -75  -5
-64  -87  3
-64  -73  -6
-64  -87  3
-64  -74  -6
-64  -87  3
-64  -74  -6
-64  -88  4
-64  -75  -5
-64  -90  6
-64  -75  -5
-64  -91  7
-64  -75  -5
-64  -92  7
-64  -76  -4
-64  -92  7
-64  -76  -4
-64  -92  7
-64  -76  -4
-64  -93  8
-64  -75  -5
-64  -93  8
-64  -73  -6
-64  -93  8
-64  -72  -7
-64  -90  6
-64  -66  -12
-64  -89  5
-64  -72  -7
-64  -87  3
-64  -72  -7
-64  -89  5
-64  -73  -6
-64  -88  4
-64  -74  -6
-64  -88  4
-64  -77  -3
-64  -87  3
-64  -79  -2
-64  -85  2
-64  -80  -1
-64  -85  2
-64  -81  0
-64  -83  0
-64  -83  0
-64  -82  0
-64  -83  0
-64  -82  0
-64  -84  1
-64  -79  -2
-64  -84  1
-64  -77  -3
-80  -101  -1
-64  -78  -3
-64  -79  -2
-64  -88  4
-64  -73  -6
-64  -82  0
-64  -82  0
-64  -82  0
-64  -83  0
-64  -83  0
-64  -86  3
-64  -81  0
-64  -86  3
-64  -81  0
-64  -88  4
-64  -80  -1
-64  -89  5
-64  -78  -3
-64  -90  6
-64  -85  2
-64  -83  0
-64  -85  2
-64  -82  0
-64  -84  1
-64  -80  -1
-64  -83  0
-64  -79  -2
-64  -79  -2
-64  -78  -3
-64  -82  0